---
generation: 22
last_run_time: 1255988188.86652
tests:
  t/base.t:
    elapsed: 0.0102660655975342
    gen: 22
    last_fail_time: 1255987598.86764
    last_pass_time: 1255988188.8657
    last_result: 0
    last_run_time: 1255988188.8657
    last_todo: 0
    mtime: 1255988173
    seq: 21
    total_failures: 6
    total_passes: 15
version: 1
...
